0 0.605233 0.337665 0.317323 0.337586 0.883303
0 0.68152 0.664747 0.185692 0.146041 0.87497
0 0.796633 0.819611 0.11628 0.150776 0.856983
1 0.2947 0.650705 0.589399 0.103062 0.788475
0 0.781701 0.610568 0.0335255 0.200865 0.784587
1 0.883779 0.485147 0.232443 0.050092 0.665959
0 0.0471224 0.929019 0.0942448 0.141463 0.529976
1 0.927768 0.884778 0.144103 0.048858 0.480841
0 0.784957 0.611329 0.0242058 0.218813 0.363531
1 0.928052 0.871998 0.143378 0.0774017 0.329389
0 0.839028 0.949784 0.0383407 0.100209 0.313028
