4 0.829878 0.272451 0.339022 0.196451 0.93777
2 0.845504 0.767938 0.303321 0.276792 0.927608
0 0.362897 0.209078 0.120238 0.0974581 0.837108
1 0.565096 0.274515 0.274015 0.0457222 0.836269
3 0.959101 0.656606 0.0610237 0.0842413 0.826581
1 0.202935 0.74163 0.404834 0.0787222 0.824305
3 0.737402 0.759202 0.0449356 0.0812699 0.813521
0 0.967462 0.516627 0.0650755 0.195162 0.731446
3 0.910136 0.379112 0.0378395 0.0424933 0.722344
1 0.711401 0.606256 0.577199 0.0512497 0.705686
0 0.433777 0.765078 0.0308337 0.207388 0.644057
0 0.295804 0.115764 0.027484 0.0849828 0.475079
1 0.966865 0.407301 0.0658813 0.0245346 0.458768
